0 39 42 47 4 50 55 5 58 
0 65 10 64 68 8 
0 355 350 347 342 339 334 62 63 
0 420 78 83 86 91 99 102 124 
0 173 194 195 196 131 179 71 178 118 
0 75 375 378 383 386 391 390 381 302 94 
0 165 174 172 177 305 130 169 164 166 168 69 
0 180 181 182 183 184 
0 365 364 189 368 188 
0 123 122 242 67 7 
0 245 244 243 247 246 
0 28 30 21 32 388 393 394 395 248 399 363 281 
0 371 405 414 416 370 411 410 304 110 
0 292 294 296 310 291 289 269 280 308 275 362 
0 300 316 311 251 299 297 250 276 
0 187 367 366 186 185 
0 125 15 126 66 6 18 
0 23 1 26 31 2 34 3 
0 19 24 22 20 25 27 283 249 402 309 407 288 
0 138 198 203 301 373 382 384 379 377 372 374 376 135 
0 115 175 170 167 162 159 154 214 211 151 
0 222 336 341 343 348 346 227 337 344 230 349 351 356 354 345 235 
0 274 400 398 279 303 282 401 403 369 408 406 
0 240 413 191 358 419 417 412 11 
0 287 404 409 290 190 295 298 315 318 271 
0 29 278 389 396 9 107 397 415 418 16 14 17 12 13 
0 33 35 40 38 36 41 43 48 46 37 44 49 51 56 54 45 52 57 59 53 
0 76 74 72 77 79 84 82 73 80 85 87 92 90 81 88 93 95 89 96 97 
0 100 98 101 103 108 106 104 109 111 116 114 105 112 117 136 119 134 132 113 133 
0 137 139 144 142 140 145 147 152 150 141 148 153 155 160 158 149 161 156 163 157 
0 129 329 128 272 332 307 327 325 320 322 313 
0 204 202 205 207 212 210 208 213 215 220 218 209 216 221 223 228 226 217 224 225 
0 261 267 265 260 253 262 264 259 257 252 233 254 256 239 237 232 234 236 231 229 
0 201 268 273 328 330 321 270 127 193 121 
0 
0 
0 200 146 206 380 385 387 392 143 199 317 312 197 192 120 
0 60 323 326 331 241 61 
0 70 176 171 
0 277 286 284 285 293 314 360 319 306 324 361 
0 238 352 357 359 255 353 258 263 266 333 335 340 338 219 
